1
100
100 28
31 38
3 37
63 34
60 94
43 90
48 85
81 75
4 2
10 4
89 52
22 9
40 52
44 49
39 45
1 2
55 22
69 26
79 34
9 28
72 37
97 5
9 29
16 67
35 77
50 74
39 23
98 68
2 6
96 5
52 75
30 25
28 93
2 41
13 20
21 84
42 19
8 43
5 1
99 11
23 35
44 39
46 83
48 34
27 6
21 70
82 19
53 64
40 18
21 10
17 54
78 51
9 4
51 8
15 92
59 68
9 16
53 58
55 65
56 31
1 3
4 11
11 17
10 15
31 33
26 61
76 17
34 6
46 16
52 73
19 24
7 5
5 53
12 11
30 47
18 2
71 39
23 21
76 91
25 2
14 6
59 80
59 31
36 31
15 19
24 31
19 86
6 13
66 32
23 50
29 87
60 29
14 26
88 13
4 8
7 32
28 95
62 58
9 57
