1
1000
719 377
703 908
459 369
606 377
271 643
329 723
690 905
301 276
50 17
134 561
565 139
709 785
113 441
725 601
928 261
244 819
15 959
483 293
113 886
51 330
559 183
170 875
56 363
22 100
409 988
150 149
84 53
510 396
696 547
69 116
144 540
103 312
381 410
406 850
522 53
754 206
378 245
280 555
732 6
237 614
280 200
256 342
274 177
3 73
104 243
698 694
175 166
500 274
910 108
19 837
4 247
38 783
493 693
30 162
244 283
217 31
114 194
268 321
8 108
345 796
384 213
541 748
206 305
889 413
117 834
427 995
276 744
444 319
42 139
583 229
230 197
588 146
952 225
960 334
131 255
29 242
677 938
660 463
9 248
515 558
925 398
546 344
245 92
731 251
797 756
93 287
880 343
623 444
980 652
553 94
318 355
106 98
418 876
852 559
392 508
223 401
855 266
101 41
634 561
398 207
42 60
655 237
42 145
801 618
612 258
671 171
742 555
697 235
27 22
10 40
429 233
158 148
434 667
451 202
467 51
240 341
751 382
529 533
573 156
650 309
570 853
349 134
26 4
361 297
205 187
89 828
99 308
467 716
264 492
299 179
584 156
787 798
738 55
350 598
314 114
468 316
38 123
563 434
14 81
45 16
315 282
99 186
529 487
360 455
214 171
941 999
386 358
637 237
100 706
441 548
474 110
287 350
405 32
310 235
257 183
621 467
117 98
586 26
729 71
163 389
713 854
184 182
7 56
378 512
557 12
812 153
814 224
128 412
472 281
232 251
801 958
576 491
127 974
23 33
617 899
37 167
577 117
516 979
93 225
7 64
67 226
52 433
46 680
52 766
210 847
98 181
69 5
649 334
7 12
422 613
44 41
32 619
64 215
545 556
252 511
272 277
346 423
331 860
239 170
210 216
445 350
778 763
200 298
137 840
396 43
820 826
81 102
235 71
435 713
626 705
83 21
388 37
788 235
279 566
835 569
7 9
125 997
20 17
279 740
229 172
798 955
872 797
400 362
59 141
163 367
470 148
449 787
133 68
42 311
25 3
492 695
672 42
666 490
275 214
456 264
910 991
40 968
677 627
501 90
397 9
114 449
272 261
975 591
136 29
582 885
185 97
616 525
273 103
52 841
438 230
45 88
645 571
2 890
183 267
369 200
95 44
24 7
79 736
405 845
76 183
273 426
146 547
648 122
582 534
381 281
332 987
89 4
42 13
864 120
807 930
646 32
317 104
670 540
155 176
39 41
202 158
380 839
355 816
48 18
209 372
526 726
376 373
52 130
893 573
98 111
644 807
103 137
52 5
152 647
99 16
551 256
294 50
241 335
512 927
946 765
452 170
105 383
392 334
863 595
179 370
2 3
154 112
479 770
68 264
393 296
75 486
331 288
860 888
924 547
180 318
356 792
135 48
356 134
91 1
372 658
806 171
5 7
565 943
66 581
911 210
178 427
489 292
446 942
536 372
447 734
585 269
659 663
219 346
644 710
727 215
414 119
254 198
222 829
453 982
344 42
954 522
239 564
16 296
305 494
37 28
779 157
836 12
352 681
764 165
69 635
3 6
5 14
172 191
19 605
17 336
294 320
259 862
173 131
23 16
128 65
907 190
891 65
476 106
21 560
694 269
200 325
114 144
51 457
141 417
16 6
947 296
361 403
263 215
485 900
21 241
206 365
622 168
313 10
420 250
149 323
279 811
856 972
653 823
503 301
29 47
264 743
795 591
303 299
237 163
53 76
789 751
152 221
138 65
594 534
13 676
590 80
20 288
132 46
35 31
1000 441
372 391
247 721
673 918
375 36
275 707
256 185
174 12
60 327
461 607
155 28
72 665
976 967
57 22
87 165
67 284
72 157
878 993
326 5
260 58
232 373
63 682
61 25
708 75
209 348
188 153
109 861
507 699
519 108
171 884
557 610
916 103
117 587
75 168
957 741
998 394
767 588
188 435
202 642
5 19
659 606
224 402
265 43
37 58
658 674
380 87
67 37
845 970
306 103
35 409
618 520
195 782
207 174
88 374
342 534
425 222
591 986
4 46
79 269
13 271
57 78
733 411
499 359
543 324
896 307
393 810
240 45
215 679
268 768
512 824
87 11
252 225
116 142
215 262
527 604
56 362
406 104
477 62
377 100
487 178
646 756
120 261
146 3
141 498
37 430
44 218
447 620
115 54
396 475
552 387
374 439
524 562
178 941
499 632
316 877
86 44
404 919
67 848
524 353
8 11
220 463
404 75
161 134
469 304
615 196
285 63
879 539
432 750
96 316
197 39
105 77
133 360
258 625
521 409
609 830
26 92
196 119
23 31
138 654
332 983
31 85
817 95
305 364
953 180
709 73
784 413
628 385
922 820
790 429
49 153
11 357
252 461
434 141
244 737
203 227
28 26
353 592
149 200
189 747
21 3
302 91
326 554
120 29
234 603
20 964
901 948
866 936
8 3
153 440
319 306
187 339
691 494
178 65
451 523
385 146
128 722
45 354
404 714
17 428
589 866
526 409
764 892
155 793
193 222
380 422
95 448
651 374
250 9
213 201
490 195
978 549
664 93
83 113
150 156
572 138
293 895
485 383
887 333
129 72
93 76
475 640
454 143
985 67
878 760
190 171
34 6
68 990
137 460
809 722
516 112
535 475
382 263
191 464
881 967
20 179
620 882
465 684
18 15
369 436
881 701
453 902
258 574
815 298
578 290
286 127
962 231
102 231
125 703
290 284
324 315
745 83
28 224
858 765
29 12
107 458
791 592
292 799
688 88
699 803
512 917
30 68
935 236
16 17
844 240
685 104
539 77
291 72
251 368
484 372
179 949
585 602
171 921
937 540
378 518
32 180
82 668
134 769
268 399
295 329
22 80
154 718
68 72
599 276
638 493
591 110
531 597
20 22
514 365
38 15
150 506
302 842
182 148
253 29
119 307
477 720
989 74
270 165
541 122
164 154
249 110
164 201
45 973
258 196
145 192
977 770
318 700
690 276
351 156
409 735
195 34
210 62
992 820
59 24
282 31
249 702
883 613
164 416
112 608
42 98
199 7
220 465
338 36
291 528
370 808
413 913
539 994
575 380
55 151
342 443
34 53
163 12
63 23
849 965
187 60
90 96
120 266
87 104
856 171
300 135
97 170
920 628
161 309
36 54
11 15
630 513
825 720
331 527
538 984
211 43
372 633
285 395
481 426
347 497
109 281
818 183
278 181
77 49
114 62
172 114
2 1
898 72
148 244
662 408
704 760
414 431
765 558
339 775
232 61
929 901
488 312
119 56
276 102
704 81
4 418
96 166
90 874
532 440
281 914
79 219
921 963
347 255
834 969
515 461
225 415
407 404
491 145
82 29
906 901
37 820
17 160
208 30
28 30
147 570
78 653
112 55
217 904
424 171
22 717
3 171
366 29
379 301
759 364
931 658
5 4
724 894
206 173
110 39
378 408
64 90
107 689
287 781
761 420
112 897
329 432
10 103
137 763
590 652
409 901
776 168
183 333
259 206
133 661
851 148
530 233
272 353
343 70
133 223
749 632
124 126
276 675
167 505
800 822
18 70
713 728
82 480
110 504
717 786
639 516
371 367
465 627
944 646
591 600
107 268
169 89
390 258
579 472
85 450
55 33
558 601
340 865
135 149
97 14
463 531
636 586
39 121
33 204
199 711
596 147
56 509
838 684
34 220
425 772
846 630
447 81
331 550
11 466
538 926
198 113
189 110
777 945
110 134
932 70
64 74
140 35
34 228
859 698
209 30
903 719
771 244
802 314
246 72
868 439
537 296
843 165
149 831
25 32
832 532
98 804
454 755
651 774
246 669
297 167
226 544
143 40
118 18
715 299
144 279
933 184
473 367
858 869
72 909
3 147
97 867
95 238
873 524
230 507
75 9
337 33
221 233
502 278
274 332
641 283
882 961
279 387
51 617
219 753
564 950
502 730
376 571
915 703
6 39
30 122
805 295
857 348
125 112
404 631
629 305
36 65
43 15
966 265
16 152
821 203
934 496
651 773
413 741
132 421
234 120
13 6
141 295
2 10
674 940
541 827
291 656
951 687
49 22
567 20
269 334
94 15
626 570
453 206
8 109
162 471
203 166
216 236
712 611
260 611
452 493
587 762
22 517
186 813
1 66
912 707
413 343
580 318
577 609
161 358
446 13
758 148
423 542
613 971
268 545
956 111
538 102
89 478
352 93
311 482
246 673
188 686
14 212
16 127
746 417
43 800
419 268
49 177
140 345
711 739
103 394
687 270
62 24
137 322
923 190
568 319
363 479
359 260
21 51
624 340
131 20
513 152
593 403
36 6
51 589
442 216
349 520
732 870
316 549
619 996
525 521
162 777
153 328
17 292
724 171
201 437
417 692
159 51
509 701
46 79
64 849
286 752
644 343
71 23
304 61
637 757
319 569
79 595
141 496
107 87
794 102
110 340
23 462
419 495
289 23
293 49
4 3
833 755
871 705
22 124
683 2
678 642
411 336
939 850
129 148
150 193
981 874
657 299
780 384
