384
10 31
7 16
10 27
9 76
9 47
9 65
2 2
10 29
10 23
4 16
9 24
8 9
8 19
7 39
4 14
9 37
8 41
8 47
9 20
7 43
10 69
6 21
9 44
7 4
10 13
10 53
7 49
7 27
6 12
7 12
9 53
9 15
6 9
6 36
8 2
8 14
9 50
10 51
6 17
10 99
10 2
7 5
8 51
9 29
8 27
6 23
7 23
6 15
5 23
5 5
6 18
9 12
9 61
10 38
9 6
7 44
5 19
10 30
10 89
7 9
8 29
5 18
8 37
6 26
6 11
9 70
9 73
10 63
5 9
7 42
7 46
8 64
8 5
7 24
7 29
9 43
9 67
9 68
6 20
10 78
4 8
7 21
9 81
8 60